3 0.065625 0.5419921875 0.13125 0.224609375
3 0.88515625 0.5546875 0.2265625 0.33984375
3 0.77890625 0.5107421875 0.0953125 0.193359375
3 0.1578125 0.5078125 0.190625 0.1328125
3 0.096875 0.509765625 0.19375 0.15625
3 0.2390625 0.5009765625 0.2 0.138671875
3 0.6734375 0.5244140625 0.13125 0.087890625
3 0.58671875 0.5244140625 0.0796875 0.072265625
3 0.4671875 0.5126953125 0.084375 0.048828125
3 0.4125 0.5078125 0.04375 0.0546875
3 0.38359375 0.5048828125 0.0359375 0.052734375
3 0.353125 0.50390625 0.046875 0.046875
