0 0.134375 0.828125 0.193683 0.824479 0.198437 0.945313 0.139129 0.948959
0 0.125493 0.740318 0.201563 0.734375 0.204195 0.787026 0.128125 0.792969
0 0.090625 0.574219 0.106298 0.539934 0.184375 0.595703 0.168702 0.629988
0 0.102707 0.490477 0.170313 0.451171 0.187709 0.497925 0.120103 0.537231
0 0.100220 0.324324 0.131250 0.289062 0.193750 0.375000 0.162720 0.410262
0 0.115302 0.231390 0.187177 0.196234 0.201562 0.242188 0.129687 0.277344
0 0.103125 0.132813 0.120051 0.087738 0.196875 0.132813 0.179949 0.177888
0 0.356250 0.222657 0.401250 0.217969 0.409462 0.341137 0.364462 0.345825
0 0.360938 0.357422 0.397136 0.352805 0.404948 0.448508 0.368750 0.453125
0 0.373438 0.474609 0.411002 0.472475 0.415690 0.601381 0.378126 0.603515
0 0.595313 0.878907 0.681259 0.875326 0.682821 0.933919 0.596875 0.937500