0 0.136427 0.822044 0.195801 0.820091 0.198437 0.945312 0.139063 0.947265
0 0.124866 0.742045 0.201563 0.734375 0.204926 0.786929 0.128229 0.794599
0 0.090625 0.574219 0.106298 0.539934 0.184375 0.595703 0.168702 0.629988
0 0.102707 0.490477 0.170313 0.451171 0.187709 0.497925 0.120103 0.537231
0 0.103408 0.320702 0.131250 0.289063 0.193750 0.375000 0.165908 0.406639
0 0.115302 0.229437 0.187177 0.194281 0.201562 0.240235 0.129687 0.275391
0 0.096875 0.125000 0.114063 0.080078 0.195447 0.128732 0.178259 0.173654
0 0.353126 0.220703 0.396785 0.215587 0.406250 0.341797 0.362591 0.346913
0 0.364063 0.355468 0.400000 0.351562 0.406913 0.450930 0.370976 0.454836
0 0.373438 0.474609 0.411002 0.472475 0.415690 0.601381 0.378126 0.603515
0 0.586688 0.873067 0.665625 0.871094 0.666438 0.921855 0.587501 0.923828
0 0.830497 0.865318 0.925000 0.863281 0.925753 0.917886 0.831250 0.919923