0 0.457812 0.759766 0.457812 0.666016 0.498437 0.666016 0.498437 0.759766
0 0.446875 0.517578 0.490346 0.513231 0.498479 0.640308 0.455008 0.644655
0 0.446823 0.393593 0.481251 0.390626 0.487501 0.503907 0.453073 0.506874
0 0.443701 0.235626 0.473438 0.232422 0.481299 0.346406 0.451562 0.349610
0 0.192187 0.478516 0.199695 0.351824 0.241883 0.355730 0.234375 0.482422
0 0.201562 0.283203 0.209375 0.169923 0.245716 0.173839 0.237903 0.287119
0 0.887435 0.075102 0.893750 0.031250 0.976627 0.049898 0.970312 0.093750
0 0.901562 0.117188 0.972601 0.111268 0.975000 0.156250 0.903961 0.162170
0 0.903125 0.398438 0.979544 0.372386 0.990145 0.420974 0.913726 0.447026
0 0.918750 0.464844 0.998437 0.462891 0.999202 0.511662 0.919515 0.513615
0 0.911190 0.562032 0.915625 0.519531 0.990372 0.531718 0.985937 0.574219