0 0.193750 0.984375 0.207916 0.866328 0.243750 0.873047 0.229584 0.991094
0 0.446875 0.941406 0.477579 0.936289 0.484375 1.000000 0.453671 1.000000
0 0.154129 0.636813 0.179129 0.545017 0.215625 0.560547 0.190625 0.652343
0 0.142188 0.468750 0.195312 0.376953 0.228724 0.407166 0.175600 0.498963
0 0.409528 0.263832 0.447285 0.259541 0.456506 0.386334 0.418750 0.390625
0 0.160937 0.007812 0.202938 0.004312 0.209375 0.124999 0.167374 0.128500
0 0.589063 0.060547 0.675324 0.048566 0.679687 0.097657 0.593426 0.109638
0 0.903408 0.784900 0.909375 0.738281 0.988780 0.754162 0.982813 0.800781
0 0.906021 0.825553 0.985937 0.814453 0.990625 0.867187 0.910709 0.878287
0 0.909376 0.906250 0.984462 0.878293 0.995313 0.923828 0.920226 0.951785
0 0.892187 0.537109 0.956783 0.515446 0.965625 0.556641 0.901029 0.578304